""-----------------------------------------------------------------------------
"" An example of a chip design: Multiplexer of 8 channels: MUX_8
"" (type 74LS151)
""-------------------------------------------------
"" This is the truth table in minilog syntax 

"" The MUX_8 structural equations SoP or PoS select the right option 

"" Exercises P2 - CSD 
"" http://digsys.upc.edu
""-----------------------------------------------------------------------------

table Adder_2bitA
input A1 A0 B1 B0 Cin
output Cout S1 S0

"" The symbol "-" is don't care "x"; so the 4096 rows table can be shortened

""-----------------------------------------------------------------------------
" A1 A0 B1 B0 Cin   Cout  S1 S0
" ---------------  -------------
  0   0  0  0   0   0     0  0
  0   0  0  0   1   0     0  1 
  0   0  0  1   0   0     0  1
  0   0  0  1   1   0     1  0
  0   0  1  0   0   0     1  0
  0   0  1  0   1   0     1  1
  0   0  1  1   0   0     1  1
  0   0  1  1   1   0     0  1
  0   1  0  0   0   0     0  1
  0   1  0  0   1   0     1  1
  0   1  0  1   0   0     1  0
  0   1  0  1   1   0     1  1
  0   1  1  0   0   0     1  1
  0   1  1  0   1   1     0  0
  0   1  1  1   0   1     0  1
  0   1  1  1   1   1     0  1
  1   0  0  0   0   0     1  0
  1   0  0  0   1   0     1  1
  1   0  0  1   0   0     1  1
  1   0  0  1   1   1     0  0
  1   0  1  0   0   1     0  0
  1   0  1  0   1   1     0  1
  1   0  1  1   0   1     0  1
  1   0  1  1   1   1     1  0
  1   1  0  0   0   0     1  1
  1   1  0  0   1   1     0  0
  1   1  0  1   0   1     0  0
  1   1  0  1   1   1     0  1
  1   1  1  0   0   1     0  1
  1   1  1  0   1   1     1  0
  1   1  1  1   0   1     1  0
  1   1  1  1   1   1     1  1
end
